1.299999952316284180e+00
1.299999952316284180e+00
1.299999952316284180e+00
1.299999952316284180e+00
1.299999952316284180e+00
1.299999952316284180e+00
1.299999952316284180e+00
1.299999952316284180e+00
1.299999952316284180e+00
1.299999952316284180e+00
1.299999952316284180e+00
1.299999952316284180e+00
1.299999952316284180e+00
1.299999952316284180e+00
1.299999952316284180e+00
1.299999952316284180e+00
1.299999952316284180e+00
1.299999952316284180e+00
1.299999952316284180e+00
1.299999952316284180e+00
1.299999952316284180e+00
1.299999952316284180e+00
1.299999952316284180e+00
1.299999952316284180e+00
1.299999952316284180e+00
1.299999952316284180e+00
1.299999952316284180e+00
1.299999952316284180e+00
1.299999952316284180e+00
1.299999952316284180e+00
1.299999952316284180e+00
1.299999952316284180e+00
1.299999952316284180e+00
1.299999952316284180e+00
1.299999952316284180e+00
1.299999952316284180e+00
1.299999952316284180e+00
1.299999952316284180e+00
1.299999952316284180e+00
1.299999952316284180e+00
1.299999952316284180e+00
1.299999952316284180e+00
1.299999952316284180e+00
1.299999952316284180e+00
1.299999952316284180e+00
1.299999952316284180e+00
1.299999952316284180e+00
1.299999952316284180e+00
1.299999952316284180e+00
1.299999952316284180e+00
1.299999952316284180e+00
1.299999952316284180e+00
1.299999952316284180e+00
1.299999952316284180e+00
1.299999952316284180e+00
1.299999952316284180e+00
1.299999952316284180e+00
1.299999952316284180e+00
1.299999952316284180e+00
1.299999952316284180e+00
1.299999952316284180e+00
1.299999952316284180e+00
1.299999952316284180e+00
1.299999952316284180e+00
1.299999952316284180e+00
1.299999952316284180e+00
1.299999952316284180e+00
1.299999952316284180e+00
1.299999952316284180e+00
1.299999952316284180e+00
1.299999952316284180e+00
1.299999952316284180e+00
1.299999952316284180e+00
1.299999952316284180e+00
1.299999952316284180e+00
1.299999952316284180e+00
1.299999952316284180e+00
1.299999952316284180e+00
1.299999952316284180e+00
1.299999952316284180e+00
1.299999952316284180e+00
1.299999952316284180e+00
1.299999952316284180e+00
1.299999952316284180e+00
1.299999952316284180e+00
1.299999952316284180e+00
1.299999952316284180e+00
1.299999952316284180e+00
1.299999952316284180e+00
1.299999952316284180e+00
1.299999952316284180e+00
1.299999952316284180e+00
1.299999952316284180e+00
1.299999952316284180e+00
1.299999952316284180e+00
1.299999952316284180e+00
1.299999952316284180e+00
1.299999952316284180e+00
1.299999952316284180e+00
1.299999952316284180e+00
1.299999952316284180e+00
1.299999952316284180e+00
1.299999952316284180e+00
1.299999952316284180e+00
1.299999952316284180e+00
1.299999952316284180e+00
1.299999952316284180e+00
1.299999952316284180e+00
1.299999952316284180e+00
1.299999952316284180e+00
1.299999952316284180e+00
1.299999952316284180e+00
1.299999952316284180e+00
1.299999952316284180e+00
1.299999952316284180e+00
1.299999952316284180e+00
1.299999952316284180e+00
1.299999952316284180e+00
1.299999952316284180e+00
1.299999952316284180e+00
1.299999952316284180e+00
1.299999952316284180e+00
1.299999952316284180e+00
1.299999952316284180e+00
1.299999952316284180e+00
1.299999952316284180e+00
2.396498918533325195e+00
1.299999952316284180e+00
1.299999952316284180e+00
1.299999952316284180e+00
1.299999952316284180e+00
1.299999952316284180e+00
1.299999952316284180e+00
1.299999952316284180e+00
1.299999952316284180e+00
1.299999952316284180e+00
1.299999952316284180e+00
1.299999952316284180e+00
1.299999952316284180e+00
1.299999952316284180e+00
1.299999952316284180e+00
1.299999952316284180e+00
1.299999952316284180e+00
1.299999952316284180e+00
1.299999952316284180e+00
1.299999952316284180e+00
1.299999952316284180e+00
1.299999952316284180e+00
1.299999952316284180e+00
1.299999952316284180e+00
1.723588347434997559e+00
1.733603954315185547e+00
1.715658903121948242e+00
1.723828792572021484e+00
1.519875764846801758e+00
1.521668314933776855e+00
1.717634439468383789e+00
1.299999952316284180e+00
1.299999952316284180e+00
1.299999952316284180e+00
1.299999952316284180e+00
1.299999952316284180e+00
1.299999952316284180e+00
1.299999952316284180e+00
1.299999952316284180e+00
2.289772748947143555e+00
1.946215391159057617e+00
1.682757139205932617e+00
2.009126663208007812e+00
1.951307177543640137e+00
1.951307177543640137e+00
1.951307177543640137e+00
2.138754606246948242e+00
2.144905328750610352e+00
2.141825437545776367e+00
2.147993564605712891e+00
2.141825437545776367e+00
2.136580467224121094e+00
2.132639169692993164e+00
2.132639169692993164e+00
2.132639169692993164e+00
1.969339847564697266e+00
1.847393631935119629e+00
1.845182180404663086e+00
1.707802176475524902e+00
1.662132024765014648e+00
1.669151544570922852e+00
1.677811741828918457e+00
1.671443939208984375e+00
1.661638736724853516e+00
1.627501010894775391e+00
1.635241031646728516e+00
1.669573307037353516e+00
1.539134860038757324e+00
1.481837868690490723e+00
1.481837868690490723e+00
1.631232738494873047e+00
1.299999952316284180e+00
1.299999952316284180e+00
1.299999952316284180e+00
1.299999952316284180e+00
1.299999952316284180e+00
1.299999952316284180e+00
1.299999952316284180e+00
1.299999952316284180e+00
2.163571119308471680e+00
1.849684596061706543e+00
1.781215429306030273e+00
1.781215429306030273e+00
1.804922819137573242e+00
1.781215429306030273e+00
1.951307177543640137e+00
2.117502450942993164e+00
2.117502450942993164e+00
2.144905328750610352e+00
2.117502450942993164e+00
2.143016338348388672e+00
2.117502450942993164e+00
2.135692358016967773e+00
2.123531341552734375e+00
2.143016338348388672e+00
1.962736487388610840e+00
1.809301257133483887e+00
1.809301257133483887e+00
1.745645403861999512e+00
1.686193346977233887e+00
1.685517072677612305e+00
1.667706847190856934e+00
1.670900464057922363e+00
1.658950448036193848e+00
1.621099829673767090e+00
1.485073924064636230e+00
1.475288033485412598e+00
1.490909218788146973e+00
1.486073255538940430e+00
1.491781234741210938e+00
1.537103414535522461e+00
1.849684596061706543e+00
1.299999952316284180e+00
1.299999952316284180e+00
1.299999952316284180e+00
1.299999952316284180e+00
1.299999952316284180e+00
1.299999952316284180e+00
1.299999952316284180e+00
2.147993803024291992e+00
1.837337493896484375e+00
1.781215429306030273e+00
1.809088945388793945e+00
1.781215429306030273e+00
1.961570739746093750e+00
2.123531341552734375e+00
2.132639169692993164e+00
2.132639169692993164e+00
2.129594564437866211e+00
2.126558542251586914e+00
2.143115758895874023e+00
2.117502450942993164e+00
2.123531341552734375e+00
2.123531341552734375e+00
2.032617568969726562e+00
1.957582235336303711e+00
1.689334750175476074e+00
1.667706727981567383e+00
1.751927971839904785e+00
1.724102377891540527e+00
1.707801938056945801e+00
1.718592166900634766e+00
1.723031163215637207e+00
1.713497519493103027e+00
1.641978025436401367e+00
1.514783024787902832e+00
1.458930015563964844e+00
1.466099381446838379e+00
1.495496034622192383e+00
1.538995981216430664e+00
1.599688529968261719e+00
1.849684596061706543e+00
2.404175996780395508e+00
1.299999952316284180e+00
1.299999952316284180e+00
1.299999952316284180e+00
1.299999952316284180e+00
1.299999952316284180e+00
1.299999952316284180e+00
2.185762643814086914e+00
1.985064148902893066e+00
1.936111330986022949e+00
1.949086666107177734e+00
1.957833766937255859e+00
1.966743588447570801e+00
2.123531341552734375e+00
2.167627573013305664e+00
2.174572467803955078e+00
2.123531341552734375e+00
2.130870342254638672e+00
2.138754606246948242e+00
2.144905328750610352e+00
2.126558542251586914e+00
2.123531341552734375e+00
1.961570739746093750e+00
1.723845124244689941e+00
1.457504510879516602e+00
1.457504510879516602e+00
1.675198078155517578e+00
1.675198078155517578e+00
1.650032997131347656e+00
1.588096737861633301e+00
1.650032997131347656e+00
1.638399362564086914e+00
1.638399362564086914e+00
1.595053434371948242e+00
1.527305245399475098e+00
1.526045083999633789e+00
1.729740262031555176e+00
1.670659065246582031e+00
1.671443939208984375e+00
2.480123281478881836e+00
2.404175996780395508e+00
3.433439970016479492e+00
1.299999952316284180e+00
1.299999952316284180e+00
1.299999952316284180e+00
1.299999952316284180e+00
1.299999952316284180e+00
2.261056900024414062e+00
2.056546449661254883e+00
2.042132377624511719e+00
2.097144126892089844e+00
1.923627734184265137e+00
1.831515789031982422e+00
1.923627734184265137e+00
1.961570739746093750e+00
1.896722435951232910e+00
2.123531341552734375e+00
1.831515789031982422e+00
2.129594564437866211e+00
2.145004272460937500e+00
2.123531341552734375e+00
2.118084430694580078e+00
1.726677417755126953e+00
1.671443939208984375e+00
1.551491737365722656e+00
1.565091967582702637e+00
1.671443939208984375e+00
1.551491737365722656e+00
1.535521030426025391e+00
1.457504510879516602e+00
1.503030300140380859e+00
1.591211557388305664e+00
1.589515924453735352e+00
1.591211557388305664e+00
1.625898718833923340e+00
1.660937786102294922e+00
1.532366275787353516e+00
1.714259624481201172e+00
1.717634439468383789e+00
2.399560213088989258e+00
2.404175996780395508e+00
3.697247743606567383e+00
1.299999952316284180e+00
1.299999952316284180e+00
1.299999952316284180e+00
1.299999952316284180e+00
1.299999952316284180e+00
2.151491641998291016e+00
2.133229255676269531e+00
1.997583508491516113e+00
1.822564840316772461e+00
1.800565600395202637e+00
1.800565600395202637e+00
1.658436179161071777e+00
1.658436179161071777e+00
1.658436179161071777e+00
1.551491737365722656e+00
1.551491737365722656e+00
2.138458013534545898e+00
2.138458013534545898e+00
2.132639169692993164e+00
1.818122029304504395e+00
1.694224357604980469e+00
1.675198078155517578e+00
1.614319682121276855e+00
1.374253988265991211e+00
1.374253988265991211e+00
1.557606220245361328e+00
1.551491737365722656e+00
1.457504510879516602e+00
1.495689511299133301e+00
1.592910766601562500e+00
1.592910766601562500e+00
1.592910766601562500e+00
1.629578590393066406e+00
1.629393339157104492e+00
1.643815636634826660e+00
1.725195884704589844e+00
2.067607164382934570e+00
2.404175996780395508e+00
2.424978256225585938e+00
3.697247743606567383e+00
1.299999952316284180e+00
1.299999952316284180e+00
1.299999952316284180e+00
1.299999952316284180e+00
4.789342403411865234e+00
1.414655566215515137e+00
1.551491737365722656e+00
1.551491737365722656e+00
1.658436179161071777e+00
1.658436179161071777e+00
1.658436179161071777e+00
1.698081612586975098e+00
1.658436179161071777e+00
1.658436179161071777e+00
1.658436179161071777e+00
1.811498641967773438e+00
1.736207485198974609e+00
1.719614505767822266e+00
1.696151018142700195e+00
1.709759354591369629e+00
1.503030300140380859e+00
1.457504510879516602e+00
1.604907274246215820e+00
1.374253988265991211e+00
1.374253988265991211e+00
1.586135745048522949e+00
1.551491737365722656e+00
1.551491737365722656e+00
1.592910766601562500e+00
1.592910766601562500e+00
1.496996760368347168e+00
1.592910766601562500e+00
1.592910766601562500e+00
1.592910766601562500e+00
1.603182435035705566e+00
1.723731279373168945e+00
1.889514684677124023e+00
3.067567110061645508e+00
3.573257207870483398e+00
3.849282264709472656e+00
1.299999952316284180e+00
1.299999952316284180e+00
1.299999952316284180e+00
1.299999952316284180e+00
4.136075496673583984e+00
2.141825437545776367e+00
1.457504510879516602e+00
1.374253988265991211e+00
1.457504510879516602e+00
1.636601686477661133e+00
1.674227833747863770e+00
1.636601686477661133e+00
1.636601686477661133e+00
1.457504510879516602e+00
1.457504510879516602e+00
1.374253988265991211e+00
1.374253988265991211e+00
1.457504510879516602e+00
1.528264284133911133e+00
1.374253988265991211e+00
1.299999952316284180e+00
1.364199638366699219e+00
1.470435023307800293e+00
1.541869759559631348e+00
1.578232169151306152e+00
1.584722518920898438e+00
1.551491737365722656e+00
1.551491737365722656e+00
1.457504510879516602e+00
1.453244686126708984e+00
1.411977410316467285e+00
1.451830267906188965e+00
1.457504510879516602e+00
1.586135745048522949e+00
1.603182435035705566e+00
1.722881793975830078e+00
3.331527471542358398e+00
3.402117490768432617e+00
3.594924449920654297e+00
3.612617492675781250e+00
1.299999952316284180e+00
1.299999952316284180e+00
1.299999952316284180e+00
1.299999952316284180e+00
4.833899497985839844e+00
2.141825437545776367e+00
2.105547189712524414e+00
1.658436179161071777e+00
1.603182435035705566e+00
1.688902974128723145e+00
1.636601686477661133e+00
1.636601686477661133e+00
1.631232738494873047e+00
1.411977410316467285e+00
1.299999952316284180e+00
1.372989177703857422e+00
1.374253988265991211e+00
1.451830267906188965e+00
1.524334788322448730e+00
1.299999952316284180e+00
1.299999952316284180e+00
1.374253988265991211e+00
1.470435023307800293e+00
1.496996760368347168e+00
1.531395554542541504e+00
1.537307739257812500e+00
1.457504510879516602e+00
1.457504510879516602e+00
1.457504510879516602e+00
1.453244686126708984e+00
1.453244686126708984e+00
1.453244686126708984e+00
1.453244686126708984e+00
1.493998169898986816e+00
1.496996760368347168e+00
1.783344864845275879e+00
3.941476106643676758e+00
3.900253534317016602e+00
3.912559032440185547e+00
3.562521219253540039e+00
1.299999952316284180e+00
1.299999952316284180e+00
1.299999952316284180e+00
1.299999952316284180e+00
4.782903194427490234e+00
2.311057806015014648e+00
2.138853311538696289e+00
1.762276649475097656e+00
1.701956391334533691e+00
1.688902974128723145e+00
1.645629167556762695e+00
1.645629167556762695e+00
1.636601686477661133e+00
1.411977410316467285e+00
1.299999952316284180e+00
1.374253988265991211e+00
1.453244686126708984e+00
1.486793041229248047e+00
1.527759313583374023e+00
1.299999952316284180e+00
1.540597081184387207e+00
1.483026027679443359e+00
1.658436179161071777e+00
1.457504510879516602e+00
1.451830267906188965e+00
1.537307739257812500e+00
1.457504510879516602e+00
1.457504510879516602e+00
1.453244686126708984e+00
1.450509548187255859e+00
1.453244686126708984e+00
1.453244686126708984e+00
1.453244686126708984e+00
1.493998169898986816e+00
1.496996760368347168e+00
1.787619113922119141e+00
3.965813636779785156e+00
3.941476106643676758e+00
3.900253534317016602e+00
3.697180986404418945e+00
1.299999952316284180e+00
1.299999952316284180e+00
1.299999952316284180e+00
1.299999952316284180e+00
5.577232360839843750e+00
2.141825437545776367e+00
2.022748470306396484e+00
1.971048235893249512e+00
1.796229243278503418e+00
1.592910766601562500e+00
1.551491737365722656e+00
1.496996760368347168e+00
1.457504510879516602e+00
1.538688898086547852e+00
1.531395554542541504e+00
1.496996760368347168e+00
1.495496034622192383e+00
1.512765645980834961e+00
1.527759313583374023e+00
1.523829221725463867e+00
1.503030300140380859e+00
1.602239727973937988e+00
1.658436179161071777e+00
1.643815636634826660e+00
1.645629167556762695e+00
1.592910766601562500e+00
1.543465137481689453e+00
1.543465137481689453e+00
1.372989177703857422e+00
1.374253988265991211e+00
1.372989177703857422e+00
1.374253988265991211e+00
1.453244686126708984e+00
1.493998169898986816e+00
1.496996760368347168e+00
1.827029347419738770e+00
3.972968816757202148e+00
4.038547039031982422e+00
4.136075496673583984e+00
4.026590347290039062e+00
1.299999952316284180e+00
1.299999952316284180e+00
1.299999952316284180e+00
1.299999952316284180e+00
1.299999952316284180e+00
2.144905328750610352e+00
2.028515815734863281e+00
1.938627481460571289e+00
1.828908324241638184e+00
1.551491737365722656e+00
1.449009776115417480e+00
1.457504510879516602e+00
1.457504510879516602e+00
1.551491737365722656e+00
1.513706684112548828e+00
1.512765645980834961e+00
1.541509985923767090e+00
1.530793905258178711e+00
1.530793905258178711e+00
1.530793905258178711e+00
1.541509985923767090e+00
1.659916639328002930e+00
1.688409566879272461e+00
1.686562180519104004e+00
1.717634439468383789e+00
1.635154962539672852e+00
1.540585637092590332e+00
1.543465137481689453e+00
1.372989177703857422e+00
1.374253988265991211e+00
1.374253988265991211e+00
1.374253988265991211e+00
1.453244686126708984e+00
1.493998169898986816e+00
1.537307739257812500e+00
1.877470612525939941e+00
4.002889156341552734e+00
4.007051467895507812e+00
4.048446655273437500e+00
4.208345890045166016e+00
1.299999952316284180e+00
1.299999952316284180e+00
1.299999952316284180e+00
1.299999952316284180e+00
1.299999952316284180e+00
2.151091337203979492e+00
2.020538806915283203e+00
1.964070558547973633e+00
1.918679118156433105e+00
1.457504510879516602e+00
1.457504510879516602e+00
1.543465137481689453e+00
1.551491737365722656e+00
1.551491737365722656e+00
1.541869759559631348e+00
1.524988174438476562e+00
1.530793905258178711e+00
1.544135093688964844e+00
1.530793905258178711e+00
1.530793905258178711e+00
1.543465137481689453e+00
1.681044340133666992e+00
1.714704751968383789e+00
1.809301257133483887e+00
1.800565600395202637e+00
1.662132024765014648e+00
1.620599508285522461e+00
1.592910766601562500e+00
1.496996760368347168e+00
1.457504510879516602e+00
1.374253988265991211e+00
1.374253988265991211e+00
1.492647886276245117e+00
1.496996760368347168e+00
1.538688898086547852e+00
1.889223337173461914e+00
3.994245290756225586e+00
4.111850261688232422e+00
4.113997936248779297e+00
4.208345890045166016e+00
1.299999952316284180e+00
1.299999952316284180e+00
1.299999952316284180e+00
1.299999952316284180e+00
1.299999952316284180e+00
1.442006111145019531e+00
1.794068932533264160e+00
1.675198078155517578e+00
1.820340991020202637e+00
1.908306717872619629e+00
1.642006278038024902e+00
1.603182435035705566e+00
1.589515924453735352e+00
1.586135625839233398e+00
1.538688778877258301e+00
1.533382415771484375e+00
1.503030300140380859e+00
1.530793905258178711e+00
1.551491737365722656e+00
1.559602260589599609e+00
1.675198078155517578e+00
1.686562180519104004e+00
1.743736267089843750e+00
1.796229243278503418e+00
1.806191921234130859e+00
1.737642645835876465e+00
1.591211557388305664e+00
1.592910766601562500e+00
1.551491737365722656e+00
1.551491737365722656e+00
1.457504510879516602e+00
1.457504510879516602e+00
1.586135745048522949e+00
1.586135745048522949e+00
1.636601686477661133e+00
1.855622172355651855e+00
3.562521219253540039e+00
4.007051467895507812e+00
4.138296127319335938e+00
4.138296127319335938e+00
1.299999952316284180e+00
1.299999952316284180e+00
1.299999952316284180e+00
1.299999952316284180e+00
1.299999952316284180e+00
2.003729104995727539e+00
1.800565600395202637e+00
1.781215429306030273e+00
1.781215429306030273e+00
1.866030573844909668e+00
1.912331342697143555e+00
1.638399362564086914e+00
1.586135625839233398e+00
1.551491737365722656e+00
1.457504510879516602e+00
1.457504510879516602e+00
1.457504510879516602e+00
1.457504510879516602e+00
1.543465137481689453e+00
1.592910766601562500e+00
1.762276649475097656e+00
1.783344864845275879e+00
1.855622172355651855e+00
1.849684596061706543e+00
1.827029347419738770e+00
1.781215429306030273e+00
1.717634439468383789e+00
1.658436179161071777e+00
1.592910766601562500e+00
1.543465137481689453e+00
1.453244686126708984e+00
1.457504510879516602e+00
1.551491737365722656e+00
1.645629167556762695e+00
1.645629167556762695e+00
1.922747731208801270e+00
3.497847557067871094e+00
3.941476106643676758e+00
4.203754425048828125e+00
4.007051467895507812e+00
1.299999952316284180e+00
1.299999952316284180e+00
1.299999952316284180e+00
1.299999952316284180e+00
1.299999952316284180e+00
1.979305386543273926e+00
1.938627243041992188e+00
1.959244012832641602e+00
1.781215429306030273e+00
1.900796413421630859e+00
1.912726879119873047e+00
1.901558160781860352e+00
1.601461291313171387e+00
1.591540217399597168e+00
1.457504510879516602e+00
1.374253988265991211e+00
1.411977410316467285e+00
1.457504510879516602e+00
1.543465137481689453e+00
1.636601686477661133e+00
1.911303997039794922e+00
1.873666644096374512e+00
1.842315196990966797e+00
1.873666644096374512e+00
1.873666644096374512e+00
1.873666644096374512e+00
1.944578409194946289e+00
1.701956391334533691e+00
1.658436179161071777e+00
1.645629167556762695e+00
1.496996760368347168e+00
1.551491737365722656e+00
1.551491737365722656e+00
1.551491737365722656e+00
1.645629167556762695e+00
3.562521219253540039e+00
3.466383695602416992e+00
3.945510864257812500e+00
4.048446655273437500e+00
4.001503467559814453e+00
1.299999952316284180e+00
1.299999952316284180e+00
1.299999952316284180e+00
1.299999952316284180e+00
1.299999952316284180e+00
2.096668720245361328e+00
1.951389551162719727e+00
1.951389551162719727e+00
1.946215629577636719e+00
1.954523801803588867e+00
1.934653162956237793e+00
1.946215629577636719e+00
1.950401544570922852e+00
1.592910766601562500e+00
1.374253869056701660e+00
1.374253869056701660e+00
1.374253869056701660e+00
1.457504510879516602e+00
1.543465137481689453e+00
1.851619362831115723e+00
1.990361213684082031e+00
1.873666644096374512e+00
1.873666644096374512e+00
1.873666644096374512e+00
1.922747731208801270e+00
1.781215429306030273e+00
1.781215429306030273e+00
1.762276649475097656e+00
1.722881793975830078e+00
1.658436179161071777e+00
1.658436179161071777e+00
1.645629167556762695e+00
1.551491737365722656e+00
1.551491737365722656e+00
1.582769632339477539e+00
3.411654949188232422e+00
3.634195327758789062e+00
3.945510864257812500e+00
3.497847557067871094e+00
3.497847557067871094e+00
1.299999952316284180e+00
1.299999952316284180e+00
1.299999952316284180e+00
1.299999952316284180e+00
1.299999952316284180e+00
1.979794740676879883e+00
1.957916498184204102e+00
1.749873042106628418e+00
1.747690439224243164e+00
1.715658903121948242e+00
1.714704751968383789e+00
1.503030300140380859e+00
1.485073924064636230e+00
1.401365637779235840e+00
1.374253988265991211e+00
1.374253988265991211e+00
1.442006111145019531e+00
1.530793905258178711e+00
1.617538332939147949e+00
1.958745837211608887e+00
1.956425786018371582e+00
1.956425786018371582e+00
1.958994865417480469e+00
1.958994865417480469e+00
1.896722435951232910e+00
1.807745099067687988e+00
1.701956391334533691e+00
1.701956391334533691e+00
1.747822523117065430e+00
1.701956391334533691e+00
1.701956391334533691e+00
1.747822523117065430e+00
1.690384626388549805e+00
1.543465137481689453e+00
1.579849720001220703e+00
3.405123949050903320e+00
3.402117490768432617e+00
3.562521219253540039e+00
3.450090646743774414e+00
3.390145301818847656e+00
1.299999952316284180e+00
1.299999952316284180e+00
1.299999952316284180e+00
1.299999952316284180e+00
1.299999952316284180e+00
1.849684596061706543e+00
1.685640096664428711e+00
1.666504740715026855e+00
1.688409686088562012e+00
1.615635037422180176e+00
1.528971672058105469e+00
1.485073924064636230e+00
1.457504510879516602e+00
1.374253988265991211e+00
1.299999952316284180e+00
1.299999952316284180e+00
1.442006111145019531e+00
1.483263969421386719e+00
1.559602260589599609e+00
1.638863921165466309e+00
1.671781063079833984e+00
1.861704587936401367e+00
1.882821440696716309e+00
1.936990022659301758e+00
1.952364683151245117e+00
1.762276649475097656e+00
1.658436179161071777e+00
1.658436179161071777e+00
1.701956391334533691e+00
1.701956391334533691e+00
1.678969025611877441e+00
1.701956391334533691e+00
1.690384626388549805e+00
1.722881793975830078e+00
2.587559461593627930e+00
2.709904909133911133e+00
2.766815900802612305e+00
2.755482673645019531e+00
2.759370565414428711e+00
3.547761678695678711e+00
1.299999952316284180e+00
1.299999952316284180e+00
1.299999952316284180e+00
1.299999952316284180e+00
1.299999952316284180e+00
1.603182435035705566e+00
1.657903075218200684e+00
1.581686973571777344e+00
1.554880857467651367e+00
1.482740759849548340e+00
1.470435023307800293e+00
1.456035733222961426e+00
1.431598544120788574e+00
1.374253988265991211e+00
1.299999952316284180e+00
1.299999952316284180e+00
1.441107392311096191e+00
1.468567132949829102e+00
1.497093677520751953e+00
1.540534257888793945e+00
1.622097730636596680e+00
1.712064981460571289e+00
1.730464935302734375e+00
1.861934542655944824e+00
1.731591463088989258e+00
1.735555529594421387e+00
1.658436179161071777e+00
1.690384626388549805e+00
1.701956391334533691e+00
1.701956391334533691e+00
1.701956391334533691e+00
1.690384626388549805e+00
1.690384626388549805e+00
1.725131511688232422e+00
2.292746067047119141e+00
2.291313648223876953e+00
2.284463644027709961e+00
2.334743976593017578e+00
2.404175996780395508e+00
3.004659891128540039e+00
1.299999952316284180e+00
1.299999952316284180e+00
1.299999952316284180e+00
1.299999952316284180e+00
1.299999952316284180e+00
1.299999952316284180e+00
1.721836924552917480e+00
1.685087442398071289e+00
1.552794098854064941e+00
1.482360482215881348e+00
1.467541694641113281e+00
1.456035733222961426e+00
1.427714705467224121e+00
1.374253988265991211e+00
1.299999952316284180e+00
1.299999952316284180e+00
1.441107392311096191e+00
1.467634916305541992e+00
1.497093677520751953e+00
1.540534257888793945e+00
1.677517294883728027e+00
1.676538109779357910e+00
1.689187645912170410e+00
1.725029826164245605e+00
1.723588347434997559e+00
1.726795911788940430e+00
1.694224357604980469e+00
1.690693736076354980e+00
1.719742298126220703e+00
1.796229243278503418e+00
1.698081612586975098e+00
1.696151018142700195e+00
1.709451556205749512e+00
1.746004700660705566e+00
1.747360348701477051e+00
1.731721162796020508e+00
2.138754844665527344e+00
2.275799036026000977e+00
2.411824941635131836e+00
1.299999952316284180e+00
1.299999952316284180e+00
1.299999952316284180e+00
1.299999952316284180e+00
1.299999952316284180e+00
1.299999952316284180e+00
1.849684596061706543e+00
1.742290854454040527e+00
1.724616646766662598e+00
1.654519796371459961e+00
1.674307823181152344e+00
1.699267268180847168e+00
1.675198078155517578e+00
1.503030300140380859e+00
1.457504510879516602e+00
1.457504510879516602e+00
1.696648955345153809e+00
1.688348054885864258e+00
1.695591211318969727e+00
1.685455799102783203e+00
1.713433980941772461e+00
1.686562180519104004e+00
1.686562180519104004e+00
1.686562180519104004e+00
1.686562180519104004e+00
1.710102081298828125e+00
1.713661313056945801e+00
1.690384626388549805e+00
1.697458267211914062e+00
1.667706727981567383e+00
1.690879225730895996e+00
1.690879225730895996e+00
1.690384626388549805e+00
1.690384626388549805e+00
1.703775048255920410e+00
1.716587543487548828e+00
1.696151018142700195e+00
1.760666251182556152e+00
2.105547189712524414e+00
2.517798185348510742e+00
1.299999952316284180e+00
1.299999952316284180e+00
1.299999952316284180e+00
1.299999952316284180e+00
1.299999952316284180e+00
1.299999952316284180e+00
2.076427221298217773e+00
1.745745301246643066e+00
1.673318982124328613e+00
1.699392080307006836e+00
1.678969025611877441e+00
1.680860996246337891e+00
1.771348476409912109e+00
1.794347405433654785e+00
1.727580666542053223e+00
1.723524212837219238e+00
1.728939175605773926e+00
1.699392080307006836e+00
1.704528570175170898e+00
1.705345869064331055e+00
1.711721539497375488e+00
1.703900694847106934e+00
1.757178783416748047e+00
1.680860996246337891e+00
1.709886074066162109e+00
1.719486594200134277e+00
1.709949374198913574e+00
1.716550707817077637e+00
1.709885954856872559e+00
1.675198078155517578e+00
1.696151018142700195e+00
1.690384626388549805e+00
1.686562180519104004e+00
1.690384626388549805e+00
1.696151018142700195e+00
1.723010420799255371e+00
1.722130656242370605e+00
1.770027518272399902e+00
2.105547189712524414e+00
2.404175996780395508e+00
1.299999952316284180e+00
1.299999952316284180e+00
1.299999952316284180e+00
1.299999952316284180e+00
1.299999952316284180e+00
1.299999952316284180e+00
1.299999952316284180e+00
1.299999952316284180e+00
1.299999952316284180e+00
1.299999952316284180e+00
1.299999952316284180e+00
1.299999952316284180e+00
1.299999952316284180e+00
1.299999952316284180e+00
1.299999952316284180e+00
1.299999952316284180e+00
1.299999952316284180e+00
1.299999952316284180e+00
1.299999952316284180e+00
1.299999952316284180e+00
1.299999952316284180e+00
1.299999952316284180e+00
1.811498641967773438e+00
1.811498641967773438e+00
1.792677998542785645e+00
1.764361023902893066e+00
1.715658903121948242e+00
1.739407420158386230e+00
1.713751554489135742e+00
1.712482213973999023e+00
1.690384745597839355e+00
1.714930415153503418e+00
1.680861115455627441e+00
1.684657692909240723e+00
1.712799191474914551e+00
1.686562180519104004e+00
1.750204205513000488e+00
2.116048812866210938e+00
2.870479583740234375e+00
2.404175996780395508e+00
1.299999952316284180e+00
1.299999952316284180e+00
1.299999952316284180e+00
1.299999952316284180e+00
1.299999952316284180e+00
1.299999952316284180e+00
1.299999952316284180e+00
1.299999952316284180e+00
1.299999952316284180e+00
1.299999952316284180e+00
1.299999952316284180e+00
1.299999952316284180e+00
1.299999952316284180e+00
1.299999952316284180e+00
1.299999952316284180e+00
1.299999952316284180e+00
1.299999952316284180e+00
1.299999952316284180e+00
1.299999952316284180e+00
1.299999952316284180e+00
1.299999952316284180e+00
1.299999952316284180e+00
1.299999952316284180e+00
1.299999952316284180e+00
1.299999952316284180e+00
1.299999952316284180e+00
1.299999952316284180e+00
1.299999952316284180e+00
1.299999952316284180e+00
1.717634439468383789e+00
1.718081235885620117e+00
1.718484878540039062e+00
1.733320832252502441e+00
1.733538746833801270e+00
1.749055266380310059e+00
1.823283433914184570e+00
1.764226436614990234e+00
1.849684596061706543e+00
2.020009279251098633e+00
1.299999952316284180e+00
1.299999952316284180e+00
1.299999952316284180e+00
1.299999952316284180e+00
1.299999952316284180e+00
1.299999952316284180e+00
1.299999952316284180e+00
1.299999952316284180e+00
1.299999952316284180e+00
1.299999952316284180e+00
1.299999952316284180e+00
1.299999952316284180e+00
1.299999952316284180e+00
1.299999952316284180e+00
1.299999952316284180e+00
1.299999952316284180e+00
1.299999952316284180e+00
1.299999952316284180e+00
1.299999952316284180e+00
1.299999952316284180e+00
1.299999952316284180e+00
1.299999952316284180e+00
1.299999952316284180e+00
1.299999952316284180e+00
1.299999952316284180e+00
1.299999952316284180e+00
1.299999952316284180e+00
1.299999952316284180e+00
1.299999952316284180e+00
1.299999952316284180e+00
1.299999952316284180e+00
1.299999952316284180e+00
1.299999952316284180e+00
1.299999952316284180e+00
1.299999952316284180e+00
1.299999952316284180e+00
1.299999952316284180e+00
1.299999952316284180e+00
1.299999952316284180e+00
1.299999952316284180e+00
1.299999952316284180e+00
1.299999952316284180e+00
1.299999952316284180e+00
1.299999952316284180e+00
1.299999952316284180e+00
1.299999952316284180e+00
1.299999952316284180e+00
1.299999952316284180e+00
1.299999952316284180e+00
1.299999952316284180e+00
1.299999952316284180e+00
1.299999952316284180e+00
1.299999952316284180e+00
1.299999952316284180e+00
1.299999952316284180e+00
1.299999952316284180e+00
1.299999952316284180e+00
1.299999952316284180e+00
1.299999952316284180e+00
1.299999952316284180e+00
1.299999952316284180e+00
1.299999952316284180e+00
1.299999952316284180e+00
1.299999952316284180e+00
1.299999952316284180e+00
1.299999952316284180e+00
1.299999952316284180e+00
1.299999952316284180e+00
1.299999952316284180e+00
1.299999952316284180e+00
1.299999952316284180e+00
1.299999952316284180e+00
1.299999952316284180e+00
1.299999952316284180e+00
1.299999952316284180e+00
1.299999952316284180e+00
1.299999952316284180e+00
1.299999952316284180e+00
1.299999952316284180e+00
1.299999952316284180e+00
1.299999952316284180e+00
1.299999952316284180e+00
1.299999952316284180e+00
1.299999952316284180e+00
1.299999952316284180e+00
1.299999952316284180e+00
1.299999952316284180e+00
1.299999952316284180e+00
1.299999952316284180e+00
1.299999952316284180e+00
1.299999952316284180e+00
1.299999952316284180e+00
1.299999952316284180e+00
1.299999952316284180e+00
1.299999952316284180e+00
1.299999952316284180e+00
1.299999952316284180e+00
1.299999952316284180e+00
1.299999952316284180e+00
1.299999952316284180e+00
1.299999952316284180e+00
1.299999952316284180e+00
1.299999952316284180e+00
1.299999952316284180e+00
1.299999952316284180e+00
1.299999952316284180e+00
1.299999952316284180e+00
1.299999952316284180e+00
1.299999952316284180e+00
1.299999952316284180e+00
1.299999952316284180e+00
1.299999952316284180e+00
1.299999952316284180e+00
1.299999952316284180e+00
1.299999952316284180e+00
1.299999952316284180e+00
1.299999952316284180e+00
1.299999952316284180e+00
1.299999952316284180e+00
1.299999952316284180e+00
1.299999952316284180e+00
1.299999952316284180e+00
1.299999952316284180e+00
1.299999952316284180e+00
1.299999952316284180e+00
1.299999952316284180e+00
1.299999952316284180e+00
1.299999952316284180e+00
1.299999952316284180e+00
1.299999952316284180e+00
1.299999952316284180e+00
1.299999952316284180e+00
1.299999952316284180e+00
1.299999952316284180e+00
1.299999952316284180e+00
1.299999952316284180e+00
1.299999952316284180e+00
1.299999952316284180e+00
1.299999952316284180e+00
1.299999952316284180e+00
1.299999952316284180e+00
1.299999952316284180e+00
1.299999952316284180e+00
1.299999952316284180e+00
1.299999952316284180e+00
1.299999952316284180e+00
1.299999952316284180e+00
1.299999952316284180e+00
1.299999952316284180e+00
1.299999952316284180e+00
1.299999952316284180e+00
1.299999952316284180e+00
1.299999952316284180e+00
1.299999952316284180e+00
1.299999952316284180e+00
1.299999952316284180e+00
1.299999952316284180e+00
1.299999952316284180e+00
1.299999952316284180e+00
1.299999952316284180e+00
1.299999952316284180e+00
1.299999952316284180e+00
