8.000000000000000000e+00
8.000000000000000000e+00
8.000000000000000000e+00
8.000000000000000000e+00
8.000000000000000000e+00
8.000000000000000000e+00
8.000000000000000000e+00
8.000000000000000000e+00
8.000000000000000000e+00
8.000000000000000000e+00
8.000000000000000000e+00
8.000000000000000000e+00
8.000000000000000000e+00
8.000000000000000000e+00
8.000000000000000000e+00
8.000000000000000000e+00
8.000000000000000000e+00
8.000000000000000000e+00
8.000000000000000000e+00
8.000000000000000000e+00
8.000000000000000000e+00
8.000000000000000000e+00
8.000000000000000000e+00
8.000000000000000000e+00
8.000000000000000000e+00
8.000000000000000000e+00
8.000000000000000000e+00
8.000000000000000000e+00
8.000000000000000000e+00
8.000000000000000000e+00
8.000000000000000000e+00
8.000000000000000000e+00
8.000000000000000000e+00
8.000000000000000000e+00
8.000000000000000000e+00
8.000000000000000000e+00
8.000000000000000000e+00
8.000000000000000000e+00
8.000000000000000000e+00
8.000000000000000000e+00
8.000000000000000000e+00
8.000000000000000000e+00
8.000000000000000000e+00
8.000000000000000000e+00
8.000000000000000000e+00
8.000000000000000000e+00
8.000000000000000000e+00
8.000000000000000000e+00
8.000000000000000000e+00
8.000000000000000000e+00
8.000000000000000000e+00
8.000000000000000000e+00
8.000000000000000000e+00
8.000000000000000000e+00
8.000000000000000000e+00
8.000000000000000000e+00
8.000000000000000000e+00
8.000000000000000000e+00
8.000000000000000000e+00
8.000000000000000000e+00
8.000000000000000000e+00
8.000000000000000000e+00
8.000000000000000000e+00
8.000000000000000000e+00
8.000000000000000000e+00
8.000000000000000000e+00
8.000000000000000000e+00
8.000000000000000000e+00
8.000000000000000000e+00
8.000000000000000000e+00
8.000000000000000000e+00
8.000000000000000000e+00
8.000000000000000000e+00
8.000000000000000000e+00
8.000000000000000000e+00
8.000000000000000000e+00
8.000000000000000000e+00
8.000000000000000000e+00
8.000000000000000000e+00
8.000000000000000000e+00
8.000000000000000000e+00
8.000000000000000000e+00
8.000000000000000000e+00
8.000000000000000000e+00
8.000000000000000000e+00
8.000000000000000000e+00
8.000000000000000000e+00
8.000000000000000000e+00
8.000000000000000000e+00
8.000000000000000000e+00
8.000000000000000000e+00
8.000000000000000000e+00
8.000000000000000000e+00
8.000000000000000000e+00
8.000000000000000000e+00
8.000000000000000000e+00
8.000000000000000000e+00
8.000000000000000000e+00
8.000000000000000000e+00
8.000000000000000000e+00
8.000000000000000000e+00
8.000000000000000000e+00
8.000000000000000000e+00
8.000000000000000000e+00
8.000000000000000000e+00
8.000000000000000000e+00
8.000000000000000000e+00
8.000000000000000000e+00
8.000000000000000000e+00
8.000000000000000000e+00
8.000000000000000000e+00
8.000000000000000000e+00
8.000000000000000000e+00
8.000000000000000000e+00
8.000000000000000000e+00
8.000000000000000000e+00
8.000000000000000000e+00
8.000000000000000000e+00
8.000000000000000000e+00
8.000000000000000000e+00
8.000000000000000000e+00
8.000000000000000000e+00
8.000000000000000000e+00
8.000000000000000000e+00
8.000000000000000000e+00
8.000000000000000000e+00
2.850207805633544922e+00
8.000000000000000000e+00
8.000000000000000000e+00
8.000000000000000000e+00
8.000000000000000000e+00
8.000000000000000000e+00
8.000000000000000000e+00
8.000000000000000000e+00
8.000000000000000000e+00
8.000000000000000000e+00
8.000000000000000000e+00
8.000000000000000000e+00
8.000000000000000000e+00
8.000000000000000000e+00
8.000000000000000000e+00
8.000000000000000000e+00
8.000000000000000000e+00
8.000000000000000000e+00
8.000000000000000000e+00
8.000000000000000000e+00
8.000000000000000000e+00
8.000000000000000000e+00
8.000000000000000000e+00
8.000000000000000000e+00
1.923627734184265137e+00
2.001474380493164062e+00
2.000025033950805664e+00
1.989035725593566895e+00
1.849536299705505371e+00
1.834797859191894531e+00
2.003729104995727539e+00
8.000000000000000000e+00
8.000000000000000000e+00
8.000000000000000000e+00
8.000000000000000000e+00
8.000000000000000000e+00
8.000000000000000000e+00
8.000000000000000000e+00
8.000000000000000000e+00
2.828070163726806641e+00
2.951160430908203125e+00
3.004659891128540039e+00
3.356678009033203125e+00
3.433439970016479492e+00
3.433439970016479492e+00
3.351325988769531250e+00
2.951160669326782227e+00
3.363758802413940430e+00
3.004659891128540039e+00
2.966495275497436523e+00
2.910849094390869141e+00
2.927989721298217773e+00
2.922253847122192383e+00
2.922253847122192383e+00
2.922253847122192383e+00
2.899533033370971680e+00
2.828070163726806641e+00
2.775451183319091797e+00
2.862026691436767578e+00
2.577255487442016602e+00
2.139446973800659180e+00
2.138754606246948242e+00
2.138754606246948242e+00
2.227777719497680664e+00
2.237457990646362305e+00
2.243231773376464844e+00
2.144905090332031250e+00
2.132639169692993164e+00
1.985575318336486816e+00
1.985575318336486816e+00
1.950484156608581543e+00
8.000000000000000000e+00
8.000000000000000000e+00
8.000000000000000000e+00
8.000000000000000000e+00
8.000000000000000000e+00
8.000000000000000000e+00
8.000000000000000000e+00
8.000000000000000000e+00
2.951160669326782227e+00
2.934120655059814453e+00
3.333689212799072266e+00
3.433439970016479492e+00
3.433439970016479492e+00
3.433439970016479492e+00
3.433439970016479492e+00
3.184276819229125977e+00
3.363758802413940430e+00
3.363758802413940430e+00
3.363758802413940430e+00
3.294031620025634766e+00
3.282341241836547852e+00
3.367433309555053711e+00
3.418717622756958008e+00
3.356190681457519531e+00
3.341156005859375000e+00
3.333689212799072266e+00
3.333689212799072266e+00
3.311961412429809570e+00
3.386669397354125977e+00
3.304152488708496094e+00
3.320046424865722656e+00
3.199892997741699219e+00
2.916540145874023438e+00
2.843722343444824219e+00
2.833789348602294922e+00
2.327107191085815430e+00
2.238265037536621094e+00
2.242477178573608398e+00
2.204206943511962891e+00
2.055749893188476562e+00
3.004659891128540039e+00
8.000000000000000000e+00
8.000000000000000000e+00
8.000000000000000000e+00
8.000000000000000000e+00
8.000000000000000000e+00
8.000000000000000000e+00
8.000000000000000000e+00
3.356190681457519531e+00
3.433439970016479492e+00
3.433439970016479492e+00
3.409893989562988281e+00
3.659737586975097656e+00
3.779748678207397461e+00
3.843203783035278320e+00
3.853214025497436523e+00
3.898800849914550781e+00
3.881918668746948242e+00
3.409894466400146484e+00
3.363758802413940430e+00
3.363758802413940430e+00
3.781603336334228516e+00
3.977411270141601562e+00
3.917156934738159180e+00
3.830152273178100586e+00
3.830152273178100586e+00
3.831739187240600586e+00
3.800874471664428711e+00
3.951917648315429688e+00
3.931088685989379883e+00
3.697247743606567383e+00
3.320046424865722656e+00
3.005245923995971680e+00
3.250272750854492188e+00
3.287474393844604492e+00
3.412451267242431641e+00
3.399865865707397461e+00
3.382457971572875977e+00
2.299277544021606445e+00
2.059492111206054688e+00
3.697247743606567383e+00
3.697247743606567383e+00
8.000000000000000000e+00
8.000000000000000000e+00
8.000000000000000000e+00
8.000000000000000000e+00
8.000000000000000000e+00
8.000000000000000000e+00
3.371361017227172852e+00
3.394376039505004883e+00
3.349869251251220703e+00
3.370378255844116211e+00
4.047223567962646484e+00
4.043992996215820312e+00
4.125648498535156250e+00
4.017348766326904297e+00
4.227919578552246094e+00
4.259514331817626953e+00
3.749105215072631836e+00
3.378998279571533203e+00
3.363758802413940430e+00
3.733667135238647461e+00
3.999940395355224609e+00
4.038501262664794922e+00
3.910478115081787109e+00
3.994245290756225586e+00
3.877036809921264648e+00
4.026590347290039062e+00
3.852167844772338867e+00
3.910478115081787109e+00
3.888447523117065430e+00
3.910478115081787109e+00
3.845760822296142578e+00
3.864422082901000977e+00
4.014356613159179688e+00
4.080076217651367188e+00
3.834261178970336914e+00
3.388694763183593750e+00
2.987315654754638672e+00
3.002356529235839844e+00
2.947246789932250977e+00
4.368563652038574219e+00
4.368563652038574219e+00
8.000000000000000000e+00
8.000000000000000000e+00
8.000000000000000000e+00
8.000000000000000000e+00
8.000000000000000000e+00
3.371361017227172852e+00
3.752146720886230469e+00
4.583325862884521484e+00
4.713673114776611328e+00
4.789342880249023438e+00
4.804769039154052734e+00
4.583325862884521484e+00
4.590149879455566406e+00
4.578334331512451172e+00
4.804769039154052734e+00
4.804769039154052734e+00
4.153283119201660156e+00
3.972627878189086914e+00
4.259514331817626953e+00
4.407285213470458984e+00
3.884527444839477539e+00
3.931088685989379883e+00
4.004968643188476562e+00
4.004968643188476562e+00
3.931088685989379883e+00
3.994245290756225586e+00
3.890082597732543945e+00
4.039605140686035156e+00
4.397226810455322266e+00
4.512174129486083984e+00
4.732001781463623047e+00
4.806267261505126953e+00
4.821300506591796875e+00
4.428812026977539062e+00
4.658119201660156250e+00
4.166260242462158203e+00
3.856126546859741211e+00
3.290983676910400391e+00
3.313860654830932617e+00
4.368563652038574219e+00
8.000000000000000000e+00
8.000000000000000000e+00
8.000000000000000000e+00
8.000000000000000000e+00
8.000000000000000000e+00
3.318855047225952148e+00
4.473368644714355469e+00
4.659057617187500000e+00
4.912990093231201172e+00
4.876721382141113281e+00
4.876721382141113281e+00
4.669407844543457031e+00
4.883416652679443359e+00
4.981259822845458984e+00
4.948212623596191406e+00
4.948212623596191406e+00
4.613045215606689453e+00
4.613045215606689453e+00
4.659996986389160156e+00
4.804769039154052734e+00
4.804769039154052734e+00
4.075586795806884766e+00
3.561149358749389648e+00
3.506069183349609375e+00
4.804769039154052734e+00
4.899456024169921875e+00
4.758785247802734375e+00
6.988113880157470703e+00
6.988113880157470703e+00
4.901935577392578125e+00
5.310520172119140625e+00
4.927208423614501953e+00
4.901935577392578125e+00
4.561144828796386719e+00
4.568383693695068359e+00
4.283185958862304688e+00
3.767382383346557617e+00
3.124226331710815430e+00
3.238509654998779297e+00
5.337748527526855469e+00
8.000000000000000000e+00
8.000000000000000000e+00
8.000000000000000000e+00
8.000000000000000000e+00
7.791081905364990234e+00
8.000000000000000000e+00
8.000000000000000000e+00
7.054206848144531250e+00
6.859574317932128906e+00
6.003724575042724609e+00
6.003724575042724609e+00
6.003724575042724609e+00
6.229369163513183594e+00
6.229369163513183594e+00
5.705217361450195312e+00
4.804769039154052734e+00
4.804769039154052734e+00
4.998490333557128906e+00
5.337748527526855469e+00
6.003724575042724609e+00
4.931853294372558594e+00
4.104139328002929688e+00
3.688106298446655273e+00
3.338984966278076172e+00
8.000000000000000000e+00
7.021004676818847656e+00
8.000000000000000000e+00
8.000000000000000000e+00
8.000000000000000000e+00
7.081212520599365234e+00
8.000000000000000000e+00
7.081212520599365234e+00
7.081212520599365234e+00
7.054206848144531250e+00
7.087724208831787109e+00
5.865712165832519531e+00
5.152976036071777344e+00
4.858474254608154297e+00
4.715827941894531250e+00
4.049865245819091797e+00
8.000000000000000000e+00
8.000000000000000000e+00
8.000000000000000000e+00
8.000000000000000000e+00
8.000000000000000000e+00
8.000000000000000000e+00
8.000000000000000000e+00
8.000000000000000000e+00
8.000000000000000000e+00
8.000000000000000000e+00
8.000000000000000000e+00
8.000000000000000000e+00
8.000000000000000000e+00
8.000000000000000000e+00
8.000000000000000000e+00
8.000000000000000000e+00
8.000000000000000000e+00
8.000000000000000000e+00
6.101960182189941406e+00
6.125400066375732422e+00
6.027985572814941406e+00
3.697247743606567383e+00
3.156858682632446289e+00
3.371361494064331055e+00
8.000000000000000000e+00
8.000000000000000000e+00
8.000000000000000000e+00
8.000000000000000000e+00
8.000000000000000000e+00
8.000000000000000000e+00
8.000000000000000000e+00
8.000000000000000000e+00
8.000000000000000000e+00
8.000000000000000000e+00
8.000000000000000000e+00
8.000000000000000000e+00
7.642995357513427734e+00
7.516281604766845703e+00
7.045608520507812500e+00
6.682146549224853516e+00
8.000000000000000000e+00
8.000000000000000000e+00
8.000000000000000000e+00
8.000000000000000000e+00
7.750600814819335938e+00
8.000000000000000000e+00
8.000000000000000000e+00
8.000000000000000000e+00
8.000000000000000000e+00
8.000000000000000000e+00
8.000000000000000000e+00
8.000000000000000000e+00
8.000000000000000000e+00
8.000000000000000000e+00
8.000000000000000000e+00
8.000000000000000000e+00
8.000000000000000000e+00
8.000000000000000000e+00
3.900254011154174805e+00
4.059463977813720703e+00
3.433439970016479492e+00
3.204771518707275391e+00
3.433439970016479492e+00
8.000000000000000000e+00
8.000000000000000000e+00
8.000000000000000000e+00
8.000000000000000000e+00
8.000000000000000000e+00
8.000000000000000000e+00
8.000000000000000000e+00
8.000000000000000000e+00
8.000000000000000000e+00
8.000000000000000000e+00
8.000000000000000000e+00
8.000000000000000000e+00
8.000000000000000000e+00
8.000000000000000000e+00
8.000000000000000000e+00
8.000000000000000000e+00
8.000000000000000000e+00
8.000000000000000000e+00
8.000000000000000000e+00
8.000000000000000000e+00
8.000000000000000000e+00
7.830106258392333984e+00
8.000000000000000000e+00
8.000000000000000000e+00
8.000000000000000000e+00
8.000000000000000000e+00
8.000000000000000000e+00
8.000000000000000000e+00
8.000000000000000000e+00
8.000000000000000000e+00
8.000000000000000000e+00
8.000000000000000000e+00
8.000000000000000000e+00
8.000000000000000000e+00
6.003724575042724609e+00
3.433439970016479492e+00
3.433439970016479492e+00
3.298496007919311523e+00
3.124226570129394531e+00
3.433439970016479492e+00
8.000000000000000000e+00
8.000000000000000000e+00
8.000000000000000000e+00
8.000000000000000000e+00
8.000000000000000000e+00
8.000000000000000000e+00
8.000000000000000000e+00
8.000000000000000000e+00
8.000000000000000000e+00
8.000000000000000000e+00
8.000000000000000000e+00
8.000000000000000000e+00
8.000000000000000000e+00
7.745826244354248047e+00
8.000000000000000000e+00
8.000000000000000000e+00
7.701550006866455078e+00
8.000000000000000000e+00
8.000000000000000000e+00
8.000000000000000000e+00
8.000000000000000000e+00
6.389464378356933594e+00
7.351387023925781250e+00
8.000000000000000000e+00
8.000000000000000000e+00
8.000000000000000000e+00
8.000000000000000000e+00
8.000000000000000000e+00
8.000000000000000000e+00
8.000000000000000000e+00
8.000000000000000000e+00
8.000000000000000000e+00
8.000000000000000000e+00
3.562246561050415039e+00
3.433439970016479492e+00
3.433439970016479492e+00
3.282341241836547852e+00
3.204771518707275391e+00
3.004659891128540039e+00
3.433439970016479492e+00
3.389896869659423828e+00
8.000000000000000000e+00
8.000000000000000000e+00
8.000000000000000000e+00
8.000000000000000000e+00
8.000000000000000000e+00
8.000000000000000000e+00
8.000000000000000000e+00
8.000000000000000000e+00
8.000000000000000000e+00
8.000000000000000000e+00
8.000000000000000000e+00
8.000000000000000000e+00
7.483439922332763672e+00
8.000000000000000000e+00
8.000000000000000000e+00
7.753200054168701172e+00
8.000000000000000000e+00
8.000000000000000000e+00
8.000000000000000000e+00
8.000000000000000000e+00
8.000000000000000000e+00
3.433439970016479492e+00
3.878987312316894531e+00
4.555333137512207031e+00
4.804769039154052734e+00
4.758785247802734375e+00
4.899456024169921875e+00
4.915601253509521484e+00
5.337748527526855469e+00
4.804769039154052734e+00
4.489873409271240234e+00
3.433439970016479492e+00
3.433439970016479492e+00
3.433439970016479492e+00
3.433439970016479492e+00
3.433439970016479492e+00
3.298496007919311523e+00
3.004659891128540039e+00
3.433439970016479492e+00
3.433439970016479492e+00
6.472637653350830078e+00
8.000000000000000000e+00
6.152293205261230469e+00
8.000000000000000000e+00
8.000000000000000000e+00
8.000000000000000000e+00
8.000000000000000000e+00
8.000000000000000000e+00
8.000000000000000000e+00
8.000000000000000000e+00
8.000000000000000000e+00
8.000000000000000000e+00
7.516281604766845703e+00
7.742814540863037109e+00
8.000000000000000000e+00
8.000000000000000000e+00
8.000000000000000000e+00
8.000000000000000000e+00
8.000000000000000000e+00
8.000000000000000000e+00
8.000000000000000000e+00
3.697247743606567383e+00
4.004968643188476562e+00
4.804769039154052734e+00
4.766633510589599609e+00
4.915601253509521484e+00
6.003724575042724609e+00
6.255492210388183594e+00
6.308401584625244141e+00
4.948212623596191406e+00
5.577232360839843750e+00
3.562246561050415039e+00
3.433439970016479492e+00
3.363758802413940430e+00
3.433439970016479492e+00
3.433439970016479492e+00
3.289579629898071289e+00
3.433439970016479492e+00
3.433439970016479492e+00
3.336816310882568359e+00
3.409894466400146484e+00
3.378998279571533203e+00
5.521955013275146484e+00
8.000000000000000000e+00
8.000000000000000000e+00
8.000000000000000000e+00
8.000000000000000000e+00
8.000000000000000000e+00
8.000000000000000000e+00
8.000000000000000000e+00
8.000000000000000000e+00
8.000000000000000000e+00
7.554346561431884766e+00
7.755800724029541016e+00
8.000000000000000000e+00
8.000000000000000000e+00
8.000000000000000000e+00
8.000000000000000000e+00
8.000000000000000000e+00
8.000000000000000000e+00
8.000000000000000000e+00
3.433439970016479492e+00
3.830152273178100586e+00
4.804769039154052734e+00
4.728614807128906250e+00
6.003724575042724609e+00
6.003724575042724609e+00
6.003724575042724609e+00
6.003724575042724609e+00
4.804769039154052734e+00
4.931853294372558594e+00
3.890082597732543945e+00
3.433439970016479492e+00
3.433439970016479492e+00
3.433439970016479492e+00
3.433439970016479492e+00
3.433439970016479492e+00
3.448032617568969727e+00
6.859574317932128906e+00
7.198050498962402344e+00
7.155724048614501953e+00
7.087724208831787109e+00
6.859574317932128906e+00
8.000000000000000000e+00
8.000000000000000000e+00
8.000000000000000000e+00
8.000000000000000000e+00
8.000000000000000000e+00
8.000000000000000000e+00
8.000000000000000000e+00
8.000000000000000000e+00
8.000000000000000000e+00
8.000000000000000000e+00
7.742814540863037109e+00
8.000000000000000000e+00
8.000000000000000000e+00
8.000000000000000000e+00
8.000000000000000000e+00
8.000000000000000000e+00
8.000000000000000000e+00
8.000000000000000000e+00
2.489067554473876953e+00
3.440080881118774414e+00
3.964453935623168945e+00
4.463006973266601562e+00
5.793855190277099609e+00
5.793855190277099609e+00
4.804769039154052734e+00
4.500360488891601562e+00
7.054206848144531250e+00
6.988113880157470703e+00
4.377875804901123047e+00
4.334982395172119141e+00
4.691197872161865234e+00
4.713673114776611328e+00
8.000000000000000000e+00
8.000000000000000000e+00
8.000000000000000000e+00
8.000000000000000000e+00
8.000000000000000000e+00
7.213770389556884766e+00
7.190215587615966797e+00
8.000000000000000000e+00
8.000000000000000000e+00
8.000000000000000000e+00
8.000000000000000000e+00
8.000000000000000000e+00
8.000000000000000000e+00
8.000000000000000000e+00
8.000000000000000000e+00
8.000000000000000000e+00
8.000000000000000000e+00
8.000000000000000000e+00
7.742814540863037109e+00
8.000000000000000000e+00
8.000000000000000000e+00
8.000000000000000000e+00
8.000000000000000000e+00
8.000000000000000000e+00
8.000000000000000000e+00
8.000000000000000000e+00
2.566710948944091797e+00
3.590242862701416016e+00
3.804183959960937500e+00
4.265407562255859375e+00
4.585143566131591797e+00
4.547269344329833984e+00
4.499046802520751953e+00
4.473368644714355469e+00
7.054206848144531250e+00
6.988113880157470703e+00
8.000000000000000000e+00
6.923247337341308594e+00
4.691197872161865234e+00
8.000000000000000000e+00
8.000000000000000000e+00
8.000000000000000000e+00
8.000000000000000000e+00
8.000000000000000000e+00
8.000000000000000000e+00
8.000000000000000000e+00
8.000000000000000000e+00
8.000000000000000000e+00
8.000000000000000000e+00
8.000000000000000000e+00
8.000000000000000000e+00
8.000000000000000000e+00
8.000000000000000000e+00
8.000000000000000000e+00
8.000000000000000000e+00
8.000000000000000000e+00
8.000000000000000000e+00
7.665801525115966797e+00
7.743316650390625000e+00
7.710538387298583984e+00
7.367784976959228516e+00
8.000000000000000000e+00
8.000000000000000000e+00
8.000000000000000000e+00
8.000000000000000000e+00
8.000000000000000000e+00
3.360336542129516602e+00
3.355947256088256836e+00
3.355947256088256836e+00
3.568018913269042969e+00
3.772041082382202148e+00
3.781862974166870117e+00
3.741219043731689453e+00
4.246857166290283203e+00
4.433482646942138672e+00
4.500360488891601562e+00
4.551745891571044922e+00
4.527679920196533203e+00
4.104139328002929688e+00
4.113997936248779297e+00
4.162134647369384766e+00
6.859574317932128906e+00
8.000000000000000000e+00
8.000000000000000000e+00
8.000000000000000000e+00
8.000000000000000000e+00
8.000000000000000000e+00
8.000000000000000000e+00
8.000000000000000000e+00
8.000000000000000000e+00
8.000000000000000000e+00
8.000000000000000000e+00
8.000000000000000000e+00
8.000000000000000000e+00
8.000000000000000000e+00
8.000000000000000000e+00
8.000000000000000000e+00
8.000000000000000000e+00
8.000000000000000000e+00
7.670887947082519531e+00
7.386615276336669922e+00
8.000000000000000000e+00
8.000000000000000000e+00
8.000000000000000000e+00
8.000000000000000000e+00
8.000000000000000000e+00
3.081752061843872070e+00
3.351953029632568359e+00
3.417706727981567383e+00
3.425555467605590820e+00
3.433439970016479492e+00
3.433439970016479492e+00
3.433439970016479492e+00
3.433439970016479492e+00
3.433439970016479492e+00
3.390394449234008789e+00
3.433439970016479492e+00
3.433439970016479492e+00
3.433439970016479492e+00
3.433439970016479492e+00
3.433439970016479492e+00
3.439139842987060547e+00
3.439139842987060547e+00
3.394376039505004883e+00
3.581837177276611328e+00
8.000000000000000000e+00
8.000000000000000000e+00
8.000000000000000000e+00
8.000000000000000000e+00
8.000000000000000000e+00
8.000000000000000000e+00
8.000000000000000000e+00
8.000000000000000000e+00
8.000000000000000000e+00
8.000000000000000000e+00
8.000000000000000000e+00
8.000000000000000000e+00
8.000000000000000000e+00
7.681081295013427734e+00
5.979658126831054688e+00
5.898051261901855469e+00
8.000000000000000000e+00
8.000000000000000000e+00
8.000000000000000000e+00
8.000000000000000000e+00
8.000000000000000000e+00
2.296025514602661133e+00
3.318855047225952148e+00
3.433439970016479492e+00
3.433439970016479492e+00
3.186442613601684570e+00
3.061147928237915039e+00
3.165502548217773438e+00
3.161390781402587891e+00
3.275134563446044922e+00
3.260815858840942383e+00
3.260815858840942383e+00
3.282341241836547852e+00
3.157289743423461914e+00
3.170711755752563477e+00
3.091848611831665039e+00
3.024393558502197266e+00
2.916356325149536133e+00
3.197458982467651367e+00
3.347241401672363281e+00
7.251282215118408203e+00
8.000000000000000000e+00
7.121562004089355469e+00
8.000000000000000000e+00
8.000000000000000000e+00
8.000000000000000000e+00
8.000000000000000000e+00
8.000000000000000000e+00
8.000000000000000000e+00
8.000000000000000000e+00
7.462908744812011719e+00
7.478599071502685547e+00
7.478599071502685547e+00
7.441292285919189453e+00
4.458703994750976562e+00
4.360736370086669922e+00
8.000000000000000000e+00
8.000000000000000000e+00
8.000000000000000000e+00
8.000000000000000000e+00
8.000000000000000000e+00
2.185762643814086914e+00
2.473088741302490234e+00
2.568338871002197266e+00
2.637572765350341797e+00
2.978149414062500000e+00
3.143980741500854492e+00
3.275134563446044922e+00
3.259896039962768555e+00
3.275134563446044922e+00
3.433439970016479492e+00
3.260815858840942383e+00
3.282341241836547852e+00
3.282341241836547852e+00
3.160756349563598633e+00
3.169625282287597656e+00
3.011179447174072266e+00
2.853197097778320312e+00
3.103132724761962891e+00
3.112896680831909180e+00
4.100500106811523438e+00
5.135604858398437500e+00
4.948212623596191406e+00
6.362213134765625000e+00
8.000000000000000000e+00
8.000000000000000000e+00
7.121562004089355469e+00
6.425867080688476562e+00
7.087724208831787109e+00
7.054206848144531250e+00
6.419622898101806641e+00
5.971164703369140625e+00
6.005284309387207031e+00
6.063554286956787109e+00
3.957121133804321289e+00
4.368563652038574219e+00
8.000000000000000000e+00
8.000000000000000000e+00
8.000000000000000000e+00
8.000000000000000000e+00
1.325411796569824219e+00
1.336096167564392090e+00
2.661795616149902344e+00
2.744783163070678711e+00
2.668654203414916992e+00
2.837092638015747070e+00
3.079084634780883789e+00
3.275134563446044922e+00
3.275134563446044922e+00
3.275134563446044922e+00
3.433439970016479492e+00
3.260815858840942383e+00
3.282341241836547852e+00
3.143980741500854492e+00
3.156858682632446289e+00
3.169625282287597656e+00
2.735987663269042969e+00
2.775618076324462891e+00
2.830387592315673828e+00
2.847603559494018555e+00
3.540970325469970703e+00
4.079878807067871094e+00
4.079878807067871094e+00
3.878337383270263672e+00
4.196506500244140625e+00
4.466024398803710938e+00
4.523693561553955078e+00
4.419500350952148438e+00
3.610324859619140625e+00
3.235717535018920898e+00
4.061960220336914062e+00
4.669407844543457031e+00
4.524136066436767578e+00
3.277455806732177734e+00
3.082759618759155273e+00
8.000000000000000000e+00
8.000000000000000000e+00
8.000000000000000000e+00
8.000000000000000000e+00
8.000000000000000000e+00
8.000000000000000000e+00
2.404175996780395508e+00
2.467928647994995117e+00
2.753476619720458984e+00
2.573923587799072266e+00
2.760869264602661133e+00
2.913049459457397461e+00
3.113079309463500977e+00
3.296849966049194336e+00
3.289579629898071289e+00
3.289579629898071289e+00
3.304152488708496094e+00
3.111612796783447266e+00
3.013553619384765625e+00
2.860832929611206055e+00
2.876354694366455078e+00
2.885815858840942383e+00
2.807153463363647461e+00
2.880770683288574219e+00
2.880770683288574219e+00
2.872976541519165039e+00
3.102011442184448242e+00
3.669959068298339844e+00
3.651989459991455078e+00
3.651989459991455078e+00
3.282341241836547852e+00
3.182495355606079102e+00
3.212117433547973633e+00
3.212117433547973633e+00
3.260815620422363281e+00
3.270039558410644531e+00
3.302264928817749023e+00
2.922253847122192383e+00
2.729741096496582031e+00
2.719786643981933594e+00
8.000000000000000000e+00
8.000000000000000000e+00
8.000000000000000000e+00
8.000000000000000000e+00
8.000000000000000000e+00
8.000000000000000000e+00
2.174047946929931641e+00
2.341008663177490234e+00
2.345163822174072266e+00
2.356408596038818359e+00
2.288639545440673828e+00
2.277997970581054688e+00
2.258769750595092773e+00
2.505673646926879883e+00
2.501318931579589844e+00
2.351245164871215820e+00
2.362295389175415039e+00
2.355247259140014648e+00
2.575042247772216797e+00
2.794359683990478516e+00
2.860610246658325195e+00
2.600925445556640625e+00
2.633362054824829102e+00
2.592177629470825195e+00
2.614897727966308594e+00
2.619489431381225586e+00
3.111194133758544922e+00
3.315523624420166016e+00
4.280014514923095703e+00
4.280014514923095703e+00
3.282341241836547852e+00
3.197901248931884766e+00
3.211671352386474609e+00
3.197901248931884766e+00
3.282341241836547852e+00
3.282341241836547852e+00
3.186223268508911133e+00
3.034630775451660156e+00
2.996921300888061523e+00
3.204771518707275391e+00
8.000000000000000000e+00
8.000000000000000000e+00
8.000000000000000000e+00
8.000000000000000000e+00
8.000000000000000000e+00
8.000000000000000000e+00
8.000000000000000000e+00
8.000000000000000000e+00
8.000000000000000000e+00
8.000000000000000000e+00
8.000000000000000000e+00
8.000000000000000000e+00
8.000000000000000000e+00
8.000000000000000000e+00
8.000000000000000000e+00
8.000000000000000000e+00
8.000000000000000000e+00
8.000000000000000000e+00
8.000000000000000000e+00
8.000000000000000000e+00
8.000000000000000000e+00
8.000000000000000000e+00
2.133918285369873047e+00
2.229711294174194336e+00
2.336395740509033203e+00
2.336395740509033203e+00
2.332741975784301758e+00
2.484787464141845703e+00
2.488397359848022461e+00
2.346565008163452148e+00
2.390616655349731445e+00
2.407737493515014648e+00
2.581757307052612305e+00
3.104718923568725586e+00
3.123498201370239258e+00
3.120642423629760742e+00
3.172486782073974609e+00
2.998877048492431641e+00
2.980781316757202148e+00
3.004659891128540039e+00
8.000000000000000000e+00
8.000000000000000000e+00
8.000000000000000000e+00
8.000000000000000000e+00
8.000000000000000000e+00
8.000000000000000000e+00
8.000000000000000000e+00
8.000000000000000000e+00
8.000000000000000000e+00
8.000000000000000000e+00
8.000000000000000000e+00
8.000000000000000000e+00
8.000000000000000000e+00
8.000000000000000000e+00
8.000000000000000000e+00
8.000000000000000000e+00
8.000000000000000000e+00
8.000000000000000000e+00
8.000000000000000000e+00
8.000000000000000000e+00
8.000000000000000000e+00
8.000000000000000000e+00
8.000000000000000000e+00
8.000000000000000000e+00
8.000000000000000000e+00
8.000000000000000000e+00
8.000000000000000000e+00
8.000000000000000000e+00
8.000000000000000000e+00
1.923627734184265137e+00
2.289772748947143555e+00
2.285887956619262695e+00
2.312213420867919922e+00
2.243333339691162109e+00
2.220754384994506836e+00
2.087031841278076172e+00
2.058220386505126953e+00
2.404175996780395508e+00
2.268876314163208008e+00
8.000000000000000000e+00
8.000000000000000000e+00
8.000000000000000000e+00
8.000000000000000000e+00
8.000000000000000000e+00
8.000000000000000000e+00
8.000000000000000000e+00
8.000000000000000000e+00
8.000000000000000000e+00
8.000000000000000000e+00
8.000000000000000000e+00
8.000000000000000000e+00
8.000000000000000000e+00
8.000000000000000000e+00
8.000000000000000000e+00
8.000000000000000000e+00
8.000000000000000000e+00
8.000000000000000000e+00
8.000000000000000000e+00
8.000000000000000000e+00
8.000000000000000000e+00
8.000000000000000000e+00
8.000000000000000000e+00
8.000000000000000000e+00
8.000000000000000000e+00
8.000000000000000000e+00
8.000000000000000000e+00
8.000000000000000000e+00
8.000000000000000000e+00
8.000000000000000000e+00
8.000000000000000000e+00
8.000000000000000000e+00
8.000000000000000000e+00
8.000000000000000000e+00
8.000000000000000000e+00
8.000000000000000000e+00
8.000000000000000000e+00
8.000000000000000000e+00
8.000000000000000000e+00
8.000000000000000000e+00
8.000000000000000000e+00
8.000000000000000000e+00
8.000000000000000000e+00
8.000000000000000000e+00
8.000000000000000000e+00
8.000000000000000000e+00
8.000000000000000000e+00
8.000000000000000000e+00
8.000000000000000000e+00
8.000000000000000000e+00
8.000000000000000000e+00
8.000000000000000000e+00
8.000000000000000000e+00
8.000000000000000000e+00
8.000000000000000000e+00
8.000000000000000000e+00
8.000000000000000000e+00
8.000000000000000000e+00
8.000000000000000000e+00
8.000000000000000000e+00
8.000000000000000000e+00
8.000000000000000000e+00
8.000000000000000000e+00
8.000000000000000000e+00
8.000000000000000000e+00
8.000000000000000000e+00
8.000000000000000000e+00
8.000000000000000000e+00
8.000000000000000000e+00
8.000000000000000000e+00
8.000000000000000000e+00
8.000000000000000000e+00
8.000000000000000000e+00
8.000000000000000000e+00
8.000000000000000000e+00
8.000000000000000000e+00
8.000000000000000000e+00
8.000000000000000000e+00
8.000000000000000000e+00
8.000000000000000000e+00
8.000000000000000000e+00
8.000000000000000000e+00
8.000000000000000000e+00
8.000000000000000000e+00
8.000000000000000000e+00
8.000000000000000000e+00
8.000000000000000000e+00
8.000000000000000000e+00
8.000000000000000000e+00
8.000000000000000000e+00
8.000000000000000000e+00
8.000000000000000000e+00
8.000000000000000000e+00
8.000000000000000000e+00
8.000000000000000000e+00
8.000000000000000000e+00
8.000000000000000000e+00
8.000000000000000000e+00
8.000000000000000000e+00
8.000000000000000000e+00
8.000000000000000000e+00
8.000000000000000000e+00
8.000000000000000000e+00
8.000000000000000000e+00
8.000000000000000000e+00
8.000000000000000000e+00
8.000000000000000000e+00
8.000000000000000000e+00
8.000000000000000000e+00
8.000000000000000000e+00
8.000000000000000000e+00
8.000000000000000000e+00
8.000000000000000000e+00
8.000000000000000000e+00
8.000000000000000000e+00
8.000000000000000000e+00
8.000000000000000000e+00
8.000000000000000000e+00
8.000000000000000000e+00
8.000000000000000000e+00
8.000000000000000000e+00
8.000000000000000000e+00
8.000000000000000000e+00
8.000000000000000000e+00
8.000000000000000000e+00
8.000000000000000000e+00
8.000000000000000000e+00
8.000000000000000000e+00
8.000000000000000000e+00
8.000000000000000000e+00
8.000000000000000000e+00
8.000000000000000000e+00
8.000000000000000000e+00
8.000000000000000000e+00
8.000000000000000000e+00
8.000000000000000000e+00
8.000000000000000000e+00
8.000000000000000000e+00
8.000000000000000000e+00
8.000000000000000000e+00
8.000000000000000000e+00
8.000000000000000000e+00
8.000000000000000000e+00
8.000000000000000000e+00
8.000000000000000000e+00
8.000000000000000000e+00
8.000000000000000000e+00
8.000000000000000000e+00
8.000000000000000000e+00
8.000000000000000000e+00
8.000000000000000000e+00
8.000000000000000000e+00
8.000000000000000000e+00
8.000000000000000000e+00
8.000000000000000000e+00
8.000000000000000000e+00
8.000000000000000000e+00
8.000000000000000000e+00
8.000000000000000000e+00
8.000000000000000000e+00
8.000000000000000000e+00
8.000000000000000000e+00
